Name,Off,Def,Rapm,Season
LeBron James,6.3955294537527,-3.33766354112542,9.73319299487812,2009-2010-2011-2012-2013
Kevin Garnett,0.36491912242818003,-6.53579248533461,6.90071160776279,2009-2010-2011-2012-2013
Chris Paul,5.15462437120386,-1.40924403970178,6.56386841090564,2009-2010-2011-2012-2013
Dirk Nowitzki,4.68210227110462,-1.67373967139018,6.3558419424948,2009-2010-2011-2012-2013
Dwyane Wade,5.7841058962912,-0.37728510803905,6.16139100433025,2009-2010-2011-2012-2013
Amir Johnson,2.5717210924814897,-3.5556579687619703,6.1273790612434595,2009-2010-2011-2012-2013
Nene,2.59224914705465,-3.02308379638992,5.61533294344457,2009-2010-2011-2012-2013
Mike Conley,3.91759461144252,-1.6032508372187702,5.520845448661291,2009-2010-2011-2012-2013
LaMarcus Aldridge,3.3601067032511702,-1.9546133635191199,5.31472006677029,2009-2010-2011-2012-2013
Lamar Odom,1.8929092132029999,-3.26655905134076,5.159468264543761,2009-2010-2011-2012-2013
Steve Nash,5.58906663403814,0.44907190356359,5.13999473047455,2009-2010-2011-2012-2013
Manu Ginobili,4.246343029735,-0.75722344604931,5.00356647578431,2009-2010-2011-2012-2013
Tim Duncan,1.40387017791325,-3.44742551191929,4.85129568983254,2009-2010-2011-2012-2013
Paul Millsap,2.60009531352247,-2.1546972765911403,4.75479259011361,2009-2010-2011-2012-2013
Nick Collison,1.65110517242452,-3.0874306958187803,4.7385358682433,2009-2010-2011-2012-2013
Andrew Bogut,-0.40957304000236,-5.0829287627174295,4.67335572271507,2009-2010-2011-2012-2013
Vince Carter,2.90718883778601,-1.71229342095658,4.6194822587425906,2009-2010-2011-2012-2013
Joe Johnson,4.50257831222605,-0.09460649496614,4.59718480719219,2009-2010-2011-2012-2013
Dwight Howard,0.6255923659264899,-3.95153394911441,4.5771263150409,2009-2010-2011-2012-2013
Anderson Varejao,2.66367815310699,-1.81965687909901,4.483335032206,2009-2010-2011-2012-2013
Yao Ming,2.48948112047882,-1.98938192209764,4.47886304257646,2009-2010-2011-2012-2013
Stephen Curry,3.76207275325817,-0.61392544488643,4.3759981981445994,2009-2010-2011-2012-2013
Tony Parker,2.80930825076133,-1.3897650542588,4.19907330502013,2009-2010-2011-2012-2013
Ömer Aşik,0.71329075648887,-3.41680347145821,4.1300942279470805,2009-2010-2011-2012-2013
Brandon Roy,4.30851336016351,0.25259593998237,4.05591742018114,2009-2010-2011-2012-2013
Andre Iguodala,1.23267685274617,-2.81959363468933,4.0522704874355,2009-2010-2011-2012-2013
Danny Granger,3.50027954377212,-0.52770938234931,4.02798892612143,2009-2010-2011-2012-2013
Jameer Nelson,3.06052434946215,-0.9593719357700601,4.0198962852322095,2009-2010-2011-2012-2013
Blake Griffin,2.92859985410487,-0.9772123775381499,3.9058122316430204,2009-2010-2011-2012-2013
Josh Smith,1.0985182984086799,-2.70164160332618,3.80015990173486,2009-2010-2011-2012-2013
Chris Andersen,1.75526309931659,-2.0445703404483,3.7998334397648894,2009-2010-2011-2012-2013
Paul George,0.53889870037165,-3.2427614198718,3.78166012024345,2009-2010-2011-2012-2013
Derek Fisher,2.79249558504002,-0.9402574810980999,3.7327530661381196,2009-2010-2011-2012-2013
Matt Bonner,3.39376607403377,-0.3354695067544,3.7292355807881705,2009-2010-2011-2012-2013
Paul Pierce,2.10321618102999,-1.61492334382741,3.7181395248574,2009-2010-2011-2012-2013
James Harden,4.62376819242391,0.9409340971956099,3.6828340952282996,2009-2010-2011-2012-2013
Ersan Ilyasova,2.83668979713917,-0.7923854419009999,3.62907523904017,2009-2010-2011-2012-2013
Tyson Chandler,0.39626760456371996,-3.19947096266613,3.5957385672298505,2009-2010-2011-2012-2013
Luol Deng,0.23699522225531,-3.2760454788224798,3.51304070107779,2009-2010-2011-2012-2013
Kevin Durant,3.0610772771953902,-0.44071351938274994,3.50179079657814,2009-2010-2011-2012-2013
Gerald Wallace,0.18476385813558,-3.2719340518565003,3.4566979099920805,2009-2010-2011-2012-2013
Danilo Gallinari,2.41722693265429,-1.03402537455533,3.45125230720962,2009-2010-2011-2012-2013
Jeff Foster,1.90487849392184,-1.53075710236579,3.43563559628763,2009-2010-2011-2012-2013
Russell Westbrook,3.28165526276233,-0.12076225792378001,3.40241752068611,2009-2010-2011-2012-2013
Marc Gasol,0.6046607579111599,-2.7336399462836303,3.3383007041947903,2009-2010-2011-2012-2013
Jason Kidd,1.9236911697452799,-1.37314908990585,3.29684025965113,2009-2010-2011-2012-2013
Ekpe Udoh,0.32738737420086,-2.95564772599591,3.28303510019677,2009-2010-2011-2012-2013
Thaddeus Young,2.0402479021068998,-1.14447676076177,3.1847246628686694,2009-2010-2011-2012-2013
JR Smith,3.0082464079316003,-0.10084464379623,3.1090910517278303,2009-2010-2011-2012-2013
Jared Dudley,1.93319350169774,-1.11502027266737,3.04821377436511,2009-2010-2011-2012-2013
Ricky Rubio,0.28882771259252,-2.75163990412322,3.04046761671574,2009-2010-2011-2012-2013
Roy Hibbert,0.7140570511398,-2.27351185203058,2.98756890317038,2009-2010-2011-2012-2013
Kyle Lowry,1.7391957740853201,-1.24284118121185,2.98203695529717,2009-2010-2011-2012-2013
Pablo Prigioni,1.8280108700604099,-1.1248846475105,2.95289551757091,2009-2010-2011-2012-2013
Kobe Bryant,3.96906186999077,1.0186923789266,2.95036949106417,2009-2010-2011-2012-2013
Pau Gasol,2.50619817139898,-0.42739174820076,2.93358991959974,2009-2010-2011-2012-2013
Shane Battier,1.62565422909723,-1.23067199371282,2.85632622281005,2009-2010-2011-2012-2013
George Hill,1.52753299500727,-1.31619752746757,2.84373052247484,2009-2010-2011-2012-2013
Taj Gibson,-0.20498757571491,-3.02519400803314,2.82020643231823,2009-2010-2011-2012-2013
Derrick Rose,3.92670511067692,1.1491915089856501,2.77751360169127,2009-2010-2011-2012-2013
Danny Green,0.95467955007392,-1.74355289699698,2.6982324470709003,2009-2010-2011-2012-2013
Tony Allen,-1.48008393515393,-4.17494983709406,2.6948659019401298,2009-2010-2011-2012-2013
Deron Williams,4.31521257126124,1.6341087463316102,2.6811038249296297,2009-2010-2011-2012-2013
Carmelo Anthony,3.62077399843656,0.94619437333168,2.67457962510488,2009-2010-2011-2012-2013
Andre Miller,2.5571170112205,-0.10521838813409999,2.6623353993545997,2009-2010-2011-2012-2013
Kyrylo Fesenko,0.55196383577986,-2.06327553119868,2.61523936697854,2009-2010-2011-2012-2013
Kyle Korver,1.7714751041575,-0.81189035780456,2.5833654619620603,2009-2010-2011-2012-2013
Chase Budinger,1.51218048831359,-1.0355196901179,2.54770017843149,2009-2010-2011-2012-2013
Mike Dunleavy,1.33868792286189,-1.20844762391072,2.5471355467726102,2009-2010-2011-2012-2013
Hedo Turkoglu,2.44767105142357,-0.09645028843344,2.54412133985701,2009-2010-2011-2012-2013
Chris Bosh,1.56527825202744,-0.9353283618367001,2.5006066138641403,2009-2010-2011-2012-2013
Zach Randolph,2.39197884700563,-0.08491694499493001,2.47689579200056,2009-2010-2011-2012-2013
Luc Mbah a Moute,-0.34424202946865,-2.8106879045073403,2.46644587503869,2009-2010-2011-2012-2013
Hamed Haddadi,0.006984797798460411,-2.41959135578151,2.4265761535799704,2009-2010-2011-2012-2013
Jrue Holiday,1.49506581030363,-0.86619747028966,2.36126328059329,2009-2010-2011-2012-2013
Metta World Peace,0.11569794570759,-2.24215133955389,2.35784928526148,2009-2010-2011-2012-2013
Ray Allen,3.47927386098993,1.12619169566765,2.3530821653222804,2009-2010-2011-2012-2013
DeMarre Carroll,1.57005674932853,-0.77992307032137,2.3499798196499,2009-2010-2011-2012-2013
Greg Oden,2.46635408516478,0.1268179407747,2.3395361443900797,2009-2010-2011-2012-2013
David West,2.18955468805678,-0.11727269869843,2.30682738675521,2009-2010-2011-2012-2013
Ben Wallace,-0.45103711052024,-2.7410209153703398,2.2899838048501002,2009-2010-2011-2012-2013
Damian Lillard,2.27740155996317,0.05388807348241,2.22351348648076,2009-2010-2011-2012-2013
Thabo Sefolosha,-0.42897973867961003,-2.64098631542209,2.2120065767424797,2009-2010-2011-2012-2013
Chuck Hayes,0.93307135135288,-1.2659178852008501,2.19898923655373,2009-2010-2011-2012-2013
Rashard Lewis,1.42392189338782,-0.75880159432359,2.18272348771141,2009-2010-2011-2012-2013
Flip Murray,1.8366567114213102,-0.28047625216362,2.11713296358493,2009-2010-2011-2012-2013
Lance Stephenson,1.3411255231916501,-0.7717417906138,2.1128673138054497,2009-2010-2011-2012-2013
Ty Lawson,2.90565042036069,0.8025240687762201,2.10312635158447,2009-2010-2011-2012-2013
Kawhi Leonard,1.48274014723873,-0.59090783960699,2.07364798684572,2009-2010-2011-2012-2013
Patrick Beverley,1.09582307732551,-0.9376010533956101,2.03342413072112,2009-2010-2011-2012-2013
Joakim Noah,0.54303437195917,-1.40567408066773,1.9487084526268998,2009-2010-2011-2012-2013
Cartier Martin,1.3895403962952702,-0.5415933280415299,1.9311337243368,2009-2010-2011-2012-2013
Jamaal Magloire,0.88038126170931,-1.04305757905227,1.9234388407615801,2009-2010-2011-2012-2013
Ryan Anderson,2.4296833340170703,0.5114258237926199,1.9182575102244501,2009-2010-2011-2012-2013
Marko Jaric,0.14046101965898,-1.71879618489661,1.8592572045555902,2009-2010-2011-2012-2013
Jason Williams,2.5022292037619702,0.6660626562728,1.8361665474891702,2009-2010-2011-2012-2013
Al Horford,1.62304827014832,-0.21247054877378,1.8355188189221,2009-2010-2011-2012-2013
Isaiah Thomas,2.32904673582237,0.49758726549534,1.83145947032703,2009-2010-2011-2012-2013
Caron Butler,1.62921460738491,-0.17900160283607,1.8082162102209802,2009-2010-2011-2012-2013
Ime Udoka,0.02684158349246,-1.74178155774559,1.7686231412380498,2009-2010-2011-2012-2013
Tiago Splitter,-0.09907708605736,-1.85862611097059,1.75954902491323,2009-2010-2011-2012-2013
Landry Fields,0.7179206319343,-1.0302092158284502,1.7481298477627498,2009-2010-2011-2012-2013
Jodie Meeks,1.25549102176784,-0.46753110686502,1.72302212863286,2009-2010-2011-2012-2013
Jared Jeffries,0.0028869370356751434,-1.71926026751669,1.7221472045523651,2009-2010-2011-2012-2013
Rajon Rondo,1.28571763700096,-0.42727234635491,1.7129899833558702,2009-2010-2011-2012-2013
Shaquille O'Neal,2.28019739370146,0.5769964296487801,1.70320096405268,2009-2010-2011-2012-2013
Klay Thompson,0.9377265017113899,-0.7579618781323499,1.6956883798437399,2009-2010-2011-2012-2013
Jordan Williams,1.5587720129837,-0.12127110465497001,1.68004311763867,2009-2010-2011-2012-2013
Anthony Tolliver,0.29786470356382,-1.3794590347981301,1.6773237383619501,2009-2010-2011-2012-2013
Gustavo Ayon,0.4119136363061,-1.26273710284499,1.67465073915109,2009-2010-2011-2012-2013
Luke Walton,0.81099242283185,-0.8270586347422599,1.63805105757411,2009-2010-2011-2012-2013
Quincy Acy,0.9356684811624,-0.6998327573478099,1.63550123851021,2009-2010-2011-2012-2013
Boris Diaw,0.45482709840937996,-1.17773246060771,1.63255955901709,2009-2010-2011-2012-2013
Zydrunas Ilgauskas,1.6775391375832198,0.04945608133684999,1.62808305624637,2009-2010-2011-2012-2013
Chauncey Billups,3.54056266480015,1.92262178590811,1.61794087889204,2009-2010-2011-2012-2013
Chandler Parsons,0.47628133241188,-1.09845347295747,1.57473480536935,2009-2010-2011-2012-2013
Kevin Love,1.97406515248661,0.40838993759071,1.5656752148959001,2009-2010-2011-2012-2013
Raymond Felton,1.98594019260903,0.43522327655353005,1.5507169160555,2009-2010-2011-2012-2013
Andrew Bynum,-0.46905456845425,-2.01901829902849,1.54996373057424,2009-2010-2011-2012-2013
Channing Frye,2.58394297188714,1.0435096932523802,1.5404332786347599,2009-2010-2011-2012-2013
Andrei Kirilenko,0.41766711174943,-1.0937184420446,1.51138555379403,2009-2010-2011-2012-2013
Jon Brockman,1.0585436095101102,-0.45070291065958995,1.5092465201697,2009-2010-2011-2012-2013
Kendrick Perkins,0.08807121869703,-1.37498098039385,1.46305219909088,2009-2010-2011-2012-2013
Quincy Pondexter,-0.68663950231803,-2.13409647727646,1.44745697495843,2009-2010-2011-2012-2013
Jermaine O'Neal,-0.06465832914866,-1.51045639941305,1.44579807026439,2009-2010-2011-2012-2013
Serge Ibaka,-0.25185840882575,-1.6927515287904,1.44089311996465,2009-2010-2011-2012-2013
Jimmy Butler,0.07458584606843,-1.34407014841438,1.41865599448281,2009-2010-2011-2012-2013
Baron Davis,1.84458741705687,0.43066696344069,1.4139204536161798,2009-2010-2011-2012-2013
Josh Harrellson,-0.93419778520747,-2.3385918986987098,1.4043941134912399,2009-2010-2011-2012-2013
Anthony Parker,0.25544058847903,-1.1458677111070201,1.4013082995860502,2009-2010-2011-2012-2013
Greivis Vasquez,2.07184714915785,0.68072199685554,1.39112515230231,2009-2010-2011-2012-2013
Peja Stojakovic,2.6577980354899298,1.27287809739809,1.3849199380918398,2009-2010-2011-2012-2013
Luis Scola,0.573290921415,-0.75080127224163,1.32409219365663,2009-2010-2011-2012-2013
Matt Barnes,1.28432395605023,-0.0246646420571,1.30898859810733,2009-2010-2011-2012-2013
Grant Hill,1.06133927973151,-0.22569054987345,1.28702982960496,2009-2010-2011-2012-2013
Joey Dorsey,0.33496715577908,-0.91720628310983,1.2521734388889099,2009-2010-2011-2012-2013
CJ Miles,1.2597642686832,0.03437877089479,1.22538549778841,2009-2010-2011-2012-2013
Jason Richardson,2.3130073484063303,1.0949942996086899,1.2180130487976402,2009-2010-2011-2012-2013
Kevin Jones,0.72252728660591,-0.46223359701111,1.18476088361702,2009-2010-2011-2012-2013
Jason Thompson,1.8284296117420398,0.6522240283441899,1.1762055833978498,2009-2010-2011-2012-2013
Othyus Jeffers,1.26636398766631,0.09728602662345,1.16907796104286,2009-2010-2011-2012-2013
Julian Wright,0.13038934828777,-1.0080031354374999,1.13839248372527,2009-2010-2011-2012-2013
James Anderson,1.63007455903692,0.49493549897821,1.1351390600587101,2009-2010-2011-2012-2013
Joel Przybilla,-0.8193397506909801,-1.95433676454237,1.1349970138513898,2009-2010-2011-2012-2013
Corey Brewer,0.25329435152316004,-0.87706657493956,1.13036092646272,2009-2010-2011-2012-2013
Tracy McGrady,-0.07016185581766,-1.1495445576879502,1.0793827018702902,2009-2010-2011-2012-2013
Quentin Richardson,0.3686121183164,-0.7017662704894799,1.07037838880588,2009-2010-2011-2012-2013
Tim Thomas,0.7691211953692301,-0.29623115011689,1.06535234548612,2009-2010-2011-2012-2013
Khris Middleton,1.62058466673239,0.5724027335192899,1.0481819332131,2009-2010-2011-2012-2013
Antonio McDyess,0.45383589629895,-0.58841602087134,1.04225191717029,2009-2010-2011-2012-2013
Wilson Chandler,0.72927101743162,-0.30529628919754,1.03456730662916,2009-2010-2011-2012-2013
Donyell Marshall,1.31216971317853,0.28415051693046,1.02801919624807,2009-2010-2011-2012-2013
Elton Brand,-0.12664467060874998,-1.15245346113894,1.02580879053019,2009-2010-2011-2012-2013
Jamal Crawford,3.10954856367163,2.09034703807881,1.0192015255928202,2009-2010-2011-2012-2013
John Lucas III,0.147262135469,-0.87120527044993,1.01846740591893,2009-2010-2011-2012-2013
Anthony Morrow,2.1893048347034196,1.19097312533777,0.9983317093656497,2009-2010-2011-2012-2013
Alexis Ajinca,0.01202420540458,-0.9707813364521299,0.98280554185671,2009-2010-2011-2012-2013
Marcus Camby,-1.19072360498405,-2.1526371227032803,0.9619135177192302,2009-2010-2011-2012-2013
Michael Kidd-Gilchrist,1.55238811354308,0.59863292057527,0.95375519296781,2009-2010-2011-2012-2013
Rodney Stuckey,1.56867575485375,0.61663296584876,0.95204278900499,2009-2010-2011-2012-2013
AJ Price,0.32759762417208,-0.61300112751156,0.9405987516836399,2009-2010-2011-2012-2013
Kenyon Martin,-0.92296201148894,-1.8622704274740598,0.9393084159851199,2009-2010-2011-2012-2013
Willie Warren,0.42197106296943,-0.51053936736956,0.9325104303389901,2009-2010-2011-2012-2013
Jared Sullinger,0.00010772352175608668,-0.92919349132095,0.929301214842706,2009-2010-2011-2012-2013
Charlie Bell,-0.08178986757291,-0.9949172240666699,0.9131273564937599,2009-2010-2011-2012-2013
Julyan Stone,1.06577218150601,0.15656965627806999,0.9092025252279399,2009-2010-2011-2012-2013
Gilbert Arenas,0.38703354666188,-0.51675763030531,0.90379117696719,2009-2010-2011-2012-2013
Jeremy Lin,0.79951515047442,-0.09679617820375,0.8963113286781701,2009-2010-2011-2012-2013
Larry Sanders,-2.25371485792282,-3.1378439530229096,0.8841290951000897,2009-2010-2011-2012-2013
Alec Burks,0.9289354329295301,0.05316108604665,0.87577434688288,2009-2010-2011-2012-2013
Rasheed Wallace,0.38717332576058,-0.48836984965466,0.8755431754152401,2009-2010-2011-2012-2013
Stephen Jackson,1.4268542052036801,0.55299448981291,0.87385971539077,2009-2010-2011-2012-2013
Lavoy Allen,-1.14715919722077,-2.02048587958969,0.87332668236892,2009-2010-2011-2012-2013
Brendan Haywood,-0.83059295008593,-1.6882711420524499,0.8576781919665198,2009-2010-2011-2012-2013
Antoine Wright,2.15989026109588,1.30532874397358,0.8545615171223,2009-2010-2011-2012-2013
Courtney Lee,1.70692390809482,0.85284077897303,0.85408312912179,2009-2010-2011-2012-2013
Carlos Delfino,1.1282053431410999,0.2788822843841,0.8493230587569999,2009-2010-2011-2012-2013
Andre Drummond,0.9586620975886501,0.11274122953858,0.84592086805007,2009-2010-2011-2012-2013
Trevor Ariza,-0.36561439934016,-1.20849989394023,0.8428854946000701,2009-2010-2011-2012-2013
Al-Farouq Aminu,-0.83617849818998,-1.6672306324214101,0.8310521342314301,2009-2010-2011-2012-2013
Harrison Barnes,-0.10679569320831,-0.91851201198125,0.81171631877294,2009-2010-2011-2012-2013
Tayshaun Prince,1.7773167304771398,0.9672189679763601,0.8100977625007798,2009-2010-2011-2012-2013
Marquis Daniels,-0.96857040557935,-1.7785565416402997,0.8099861360609498,2009-2010-2011-2012-2013
Ronnie Brewer,-0.47376746164014005,-1.28309564005832,0.80932817841818,2009-2010-2011-2012-2013
Vladimir Radmanovic,0.08159311936061,-0.72511021117149,0.8067033305321001,2009-2010-2011-2012-2013
Josh Howard,0.49827649700973,-0.29679932687736,0.7950758238870901,2009-2010-2011-2012-2013
Brandan Wright,0.37484972101933,-0.42013029934865004,0.79498002036798,2009-2010-2011-2012-2013
Walter Herrmann,0.5344541176309,-0.25310045951453997,0.78755457714544,2009-2010-2011-2012-2013
Kevin Martin,3.7501854492351097,2.96408050640877,0.7861049428263399,2009-2010-2011-2012-2013
Kenny Thomas,1.02292750487743,0.26016166694636,0.76276583793107,2009-2010-2011-2012-2013
Chris Singleton,-1.19532192089304,-1.9537449347310099,0.75842301383797,2009-2010-2011-2012-2013
Draymond Green,-1.40596450649436,-2.1623395220778203,0.7563750155834601,2009-2010-2011-2012-2013
Lester Hudson,0.44116266145642,-0.30777730545894,0.7489399669153599,2009-2010-2011-2012-2013
Kenneth Faried,1.6083746767527898,0.87258842644501,0.7357862503077798,2009-2010-2011-2012-2013
Carlos Boozer,1.4607765708454301,0.7452713729228501,0.71550519792258,2009-2010-2011-2012-2013
David Andersen,0.55352514427055,-0.15577109905458,0.70929624332513,2009-2010-2011-2012-2013
Kelenna Azubuike,1.09822838866916,0.39895099488304997,0.69927739378611,2009-2010-2011-2012-2013
Avery Bradley,-1.07060946818317,-1.7409774509772598,0.6703679827940898,2009-2010-2011-2012-2013
Nate Robinson,1.7661566068612597,1.09737324188295,0.6687833649783098,2009-2010-2011-2012-2013
Beno Udrih,0.8966736944498699,0.23771607543690002,0.6589576190129699,2009-2010-2011-2012-2013
Al Harrington,1.20735939145158,0.5497196509747201,0.65763974047686,2009-2010-2011-2012-2013
Anthony Johnson,0.8028596130336201,0.15142952655062,0.651430086483,2009-2010-2011-2012-2013
Shaun Livingston,-0.34885629091247,-0.99668403610155,0.64782774518908,2009-2010-2011-2012-2013
Evan Fournier,0.27347348884257,-0.35727498830044,0.6307484771430101,2009-2010-2011-2012-2013
Thomas Gardner,-0.33202286154485,-0.9576051647131,0.62558230316825,2009-2010-2011-2012-2013
Kyle Singler,-0.21468537315716,-0.8382173477520599,0.6235319745949,2009-2010-2011-2012-2013
Malcolm Thomas,0.40303821092316,-0.21413347756658999,0.61717168848975,2009-2010-2011-2012-2013
Rafer Alston,-0.06648969798962,-0.66808793065471,0.60159823266509,2009-2010-2011-2012-2013
Devin Harris,1.68534774250291,1.1129319743933899,0.5724157681095201,2009-2010-2011-2012-2013
Toney Douglas,1.85256954971659,1.2835382759248999,0.56903127379169,2009-2010-2011-2012-2013
Jake Voskuhl,0.35199732331694,-0.21298820930769,0.5649855326246299,2009-2010-2011-2012-2013
Dan Gadzuric,-0.17194923125791,-0.72849717300995,0.55654794175204,2009-2010-2011-2012-2013
Eric Gordon,2.57955671347818,2.03608466818537,0.5434720452928098,2009-2010-2011-2012-2013
Jamaal Tinsley,0.43185111347722,-0.10768716543399001,0.53953827891121,2009-2010-2011-2012-2013
Alex Acker,0.35918200017817004,-0.17796656565212,0.53714856583029,2009-2010-2011-2012-2013
Alexey Shved,-0.06012373026019,-0.5881255989246,0.52800186866441,2009-2010-2011-2012-2013
Rudy Fernandez,-0.14915106165427,-0.67448029627592,0.5253292346216499,2009-2010-2011-2012-2013
Chris Copeland,1.1837015685663,0.65890603475611,0.5247955338101901,2009-2010-2011-2012-2013
Jason Terry,1.6406516212129099,1.11707961562125,0.5235720055916598,2009-2010-2011-2012-2013
Othello Hunter,0.15258366302324,-0.35053988232344,0.50312354534668,2009-2010-2011-2012-2013
Henry Walker,-0.08099779606325,-0.57128822357365,0.4902904275104,2009-2010-2011-2012-2013
Luke Ridnour,1.32515289458995,0.8531467638524199,0.47200613073753,2009-2010-2011-2012-2013
Bobby Simmons,0.89497282451001,0.42503763500648,0.46993518950353,2009-2010-2011-2012-2013
Randolph Morris,-0.005868124557105999,-0.46368052991176006,0.45781240535465406,2009-2010-2011-2012-2013
Chris Hunter,1.10364921131888,0.6460623063837401,0.45758690493514004,2009-2010-2011-2012-2013
Sebastian Telfair,0.48636083276847997,0.029006056992599998,0.45735477577588,2009-2010-2011-2012-2013
Gordon Hayward,0.9224850776473399,0.46690343049360994,0.45558164715372995,2009-2010-2011-2012-2013
C.J. Watson,0.35525879933764,-0.09144705189954,0.44670585123718,2009-2010-2011-2012-2013
Mike Miller,1.72953504892025,1.28756913357942,0.44196591534082996,2009-2010-2011-2012-2013
Greg Smith,0.91139213610285,0.48298788945839,0.4284042466444599,2009-2010-2011-2012-2013
Mark Blount,0.30554103372949,-0.11860010994913,0.42414114367862,2009-2010-2011-2012-2013
Dorell Wright,0.06710643176087,-0.35555621389975,0.42266264566061995,2009-2010-2011-2012-2013
Chris Kaman,-1.4186922833245499,-1.83662246446669,0.41793018114214003,2009-2010-2011-2012-2013
Delonte West,-1.30373421000548,-1.71417894065123,0.41044473064575004,2009-2010-2011-2012-2013
Eric Bledsoe,-1.2957001545040199,-1.70565491726004,0.40995476275602005,2009-2010-2011-2012-2013
Jordan Hamilton,0.75011990860858,0.35186461680409997,0.39825529180448005,2009-2010-2011-2012-2013
Jae Crowder,-0.13434216500057,-0.53123914931622,0.39689698431565007,2009-2010-2011-2012-2013
Garrett Temple,-0.48189652725181,-0.87580735492916,0.39391082767735003,2009-2010-2011-2012-2013
Hassan Whiteside,-0.1179895180529,-0.51188945387388,0.39389993582098,2009-2010-2011-2012-2013
Vernon Macklin,0.14840086056874,-0.23556682669338003,0.38396768726212005,2009-2010-2011-2012-2013
Damion James,-1.2481296509975501,-1.62277769780283,0.37464804680527997,2009-2010-2011-2012-2013
Mark Madsen,-0.12038091150797,-0.47926515515983004,0.35888424365186,2009-2010-2011-2012-2013
Emeka Okafor,-1.21264859977291,-1.5706868890225802,0.3580382892496702,2009-2010-2011-2012-2013
Dikembe Mutombo,0.19168450661531,-0.1530652125286,0.34474971914391,2009-2010-2011-2012-2013
Quinton Ross,-2.1758249805889402,-2.51717076038193,0.3413457797929901,2009-2010-2011-2012-2013
Mickael Pietrus,-0.66466609791066,-0.99898198910998,0.33431589119932004,2009-2010-2011-2012-2013
Wesley Matthews,0.8251612956213701,0.4928612819489,0.3323000136724701,2009-2010-2011-2012-2013
Tornike Shengelia,0.03903525808845,-0.28717378065612,0.32620903874456997,2009-2010-2011-2012-2013
Ronny Turiaf,-0.71378266562518,-1.0324687928888698,0.31868612726368994,2009-2010-2011-2012-2013
Brian Cardinal,0.47182527522583995,0.16919901111969,0.30262626410615,2009-2010-2011-2012-2013
Jerome Dyson,-0.69125775521099,-0.9932902551790501,0.3020324999680601,2009-2010-2011-2012-2013
Goran Dragic,1.48976688799962,1.18818073260907,0.30158615539054995,2009-2010-2011-2012-2013
Justin Holiday,0.22992598946162,-0.06980488071879999,0.29973087018041994,2009-2010-2011-2012-2013
Sean Williams,-0.31496752692824,-0.58825278194326,0.27328525501502,2009-2010-2011-2012-2013
Jarvis Hayes,0.54316202027057,0.27025862443288,0.27290339583769,2009-2010-2011-2012-2013
J.J. Barea,1.08182284818337,0.8091813186505901,0.27264152953278,2009-2010-2011-2012-2013
John Salmons,-0.02129283060559,-0.29236400561089,0.2710711750053,2009-2010-2011-2012-2013
Mario Chalmers,-0.37595281998935,-0.64577512661801,0.26982230662865997,2009-2010-2011-2012-2013
Oleksiy Pecherov,0.49306874574980997,0.22626354073406,0.26680520501575,2009-2010-2011-2012-2013
Leandro Barbosa,0.9265336208174401,0.66358739099886,0.26294622981858007,2009-2010-2011-2012-2013
Carldell Johnson,-0.013185205879649999,-0.27440572392828,0.26122051804863,2009-2010-2011-2012-2013
Chris Richard,-0.38907661577427,-0.64838249489528,0.25930587912101,2009-2010-2011-2012-2013
Damon Jones,0.48439266242592,0.23281341347829002,0.25157924894763,2009-2010-2011-2012-2013
Jeff Foote,0.06252637814669999,-0.17414292499380002,0.23666930314050003,2009-2010-2011-2012-2013
Shelvin Mack,-0.2760179917258,-0.51153284067551,0.23551484894970995,2009-2010-2011-2012-2013
Demetris Nichols,0.002068397056384759,-0.2309638385731,0.23303223562948475,2009-2010-2011-2012-2013
Pooh Jeter,0.13007008704167,-0.09730302483725001,0.22737311187892,2009-2010-2011-2012-2013
Kyrie Irving,1.41053142152619,1.189572937932,0.22095848359418996,2009-2010-2011-2012-2013
P.J. Tucker,-0.19025542410147,-0.40725499431695,0.21699957021547997,2009-2010-2011-2012-2013
Kosta Koufos,-0.01039085554886,-0.21833491704109,0.20794406149223,2009-2010-2011-2012-2013
Mo Williams,0.7382393681216199,0.54083251011273,0.19740685800888996,2009-2010-2011-2012-2013
Cheikh Samb,-0.31535716453325996,-0.5114767542916,0.19611958975833998,2009-2010-2011-2012-2013
Joe Crawford,-0.08306968584463,-0.2776690973177,0.19459941147307003,2009-2010-2011-2012-2013
Jose Calderon,1.9716752927901,1.7807656628287298,0.1909096299613701,2009-2010-2011-2012-2013
Desmon Farmer,0.33365902086267996,0.15123759894024,0.18242142192243999,2009-2010-2011-2012-2013
Orlando Johnson,-0.38936130501564997,-0.56084302272817,0.17148171771252,2009-2010-2011-2012-2013
Marcus Landry,0.34659757428230004,0.17978357076853,0.16681400351377002,2009-2010-2011-2012-2013
Keith Bogans,-0.06672683065437,-0.23282253030354,0.16609569964916998,2009-2010-2011-2012-2013
Leon Powe,0.1392219220534,-0.01691554799999,0.15613747005339,2009-2010-2011-2012-2013
Iman Shumpert,-0.93035851230608,-1.08481913768839,0.15446062538230984,2009-2010-2011-2012-2013
Lorenzen Wright,-0.14425731947439,-0.28975922614453,0.14550190667013999,2009-2010-2011-2012-2013
Keith Benson,0.02365355679413,-0.12090896365909999,0.14456252045323,2009-2010-2011-2012-2013
Mustafa Shakur,0.05527738183545001,-0.08692960850446001,0.14220699033991002,2009-2010-2011-2012-2013
Shawn Marion,-0.61920499636529,-0.7519034050522,0.13269840868690994,2009-2010-2011-2012-2013
Aron Baynes,-0.44442304136602,-0.56723400573683,0.12281096437080996,2009-2010-2011-2012-2013
Ryan Reid,0.05116571827098,-0.06684654071709,0.11801225898806998,2009-2010-2011-2012-2013
Ivan Johnson,-1.80472241199507,-1.91991758447876,0.11519517248369006,2009-2010-2011-2012-2013
JJ Redick,1.1891262442483,1.0840208757657601,0.10510536848253993,2009-2010-2011-2012-2013
Steven Hill,-0.004533198561848353,-0.10716063641410001,0.10262743785225165,2009-2010-2011-2012-2013
Orien Greene,0.13481391057786,0.03403772983303,0.10077618074482998,2009-2010-2011-2012-2013
Tobias Harris,-0.05980846349154,-0.15848684318484,0.0986783796933,2009-2010-2011-2012-2013
Dwayne Jones,0.13318235674966,0.050598569367999995,0.08258378738166,2009-2010-2011-2012-2013
Kyle O'Quinn,0.54703316323687,0.46452712793797,0.0825060352989,2009-2010-2011-2012-2013
Darington Hobson,-0.15641305671127,-0.23053630183135,0.07412324512007999,2009-2010-2011-2012-2013
Mouhamed Sene,0.0421887195086,-0.02954325095758,0.07173197046617999,2009-2010-2011-2012-2013
Pape Sy,-0.033326836816900005,-0.10476621215024,0.07143937533334,2009-2010-2011-2012-2013
Amar'e Stoudemire,1.66309333426316,1.5929938629429903,0.0700994713201699,2009-2010-2011-2012-2013
Jason Smith,-0.81818594307687,-0.8854619470775199,0.06727600400064995,2009-2010-2011-2012-2013
Dee Brown,0.14174498128623,0.07777942547557999,0.06396555581065,2009-2010-2011-2012-2013
Henry Sims,0.017957258294989998,-0.04070611891482,0.05866337720981,2009-2010-2011-2012-2013
Mychel Thompson,-0.05743803951256,-0.11401339361478,0.05657535410221999,2009-2010-2011-2012-2013
Wayne Ellington,-0.49219773221769997,-0.54186594639216,0.049668214174460046,2009-2010-2011-2012-2013
Trey Gilder,-0.09218748237227001,-0.14111654454608,0.048929062173809997,2009-2010-2011-2012-2013
Jeff Teague,0.40060584172432,0.35275449999423997,0.04785134173008001,2009-2010-2011-2012-2013
Dion Waiters,2.00989216973043,1.96388920667105,0.04600296305938001,2009-2010-2011-2012-2013
Courtney Sims,-0.07284183311539,-0.11614560297102,0.043303769855629996,2009-2010-2011-2012-2013
Martell Webster,0.8500818292933201,0.81137432668523,0.03870750260809002,2009-2010-2011-2012-2013
Eric Maynor,-0.21384972357535,-0.25245654909543996,0.038606825520089975,2009-2010-2011-2012-2013
Nikola Pekovic,0.51918050677351,0.48538382705365,0.03379667971986,2009-2010-2011-2012-2013
Malcolm Lee,-0.8569854181603701,-0.88630664653765,0.02932122837727997,2009-2010-2011-2012-2013
T.J. Ford,-0.34360813850375,-0.37212166136858,0.028513522864830013,2009-2010-2011-2012-2013
Roko Ukic,-0.73673816048674,-0.7540166207437501,0.01727846025701002,2009-2010-2011-2012-2013
DJ Mbenga,-1.82219369782008,-1.8373225269444098,0.015128829124329973,2009-2010-2011-2012-2013
David Lee,2.3555649501208,2.3467642718535497,0.008800678267250131,2009-2010-2011-2012-2013
Shawne Williams,0.64117450951432,0.64154752390602,-0.0003730143917000245,2009-2010-2011-2012-2013
Ben Uzoh,-1.18881550510787,-1.17440287997419,-0.014412625133679996,2009-2010-2011-2012-2013
Mardy Collins,-0.75866256672899,-0.74290706862327,-0.015755498105719974,2009-2010-2011-2012-2013
Quincy Miller,-0.0220397530685,-0.002738896901230497,-0.019300856167269502,2009-2010-2011-2012-2013
Chris Wright,-0.18997628698335,-0.16747904412403003,-0.02249724285931999,2009-2010-2011-2012-2013
Ronald Dupree,-0.08103755674477,-0.041718268484189996,-0.03931928826058001,2009-2010-2011-2012-2013
Craig Smith,-0.37258284570066,-0.32727154118956,-0.04531130451110002,2009-2010-2011-2012-2013
Garret Siler,0.16602729951469,0.21418626002946997,-0.04815896051477998,2009-2010-2011-2012-2013
Patrick Patterson,0.25464410149471,0.30861347385305,-0.05396937235834002,2009-2010-2011-2012-2013
Andre Emmett,-0.12166663294531999,-0.06481246074795,-0.05685417219736999,2009-2010-2011-2012-2013
Jerome James,-0.025114035648919997,0.034929017471519996,-0.060043053120440004,2009-2010-2011-2012-2013
Steve Blake,0.16032679681653,0.22108772752547998,-0.060760930708949994,2009-2010-2011-2012-2013
Speedy Claxton,0.03830804896567,0.1018444807757,-0.06353643181003,2009-2010-2011-2012-2013
Taylor Griffin,-0.050269202547969995,0.01993518785985,-0.07020439040781999,2009-2010-2011-2012-2013
Donatas Motiejunas,0.69523552220718,0.7655120923936001,-0.07027657018642006,2009-2010-2011-2012-2013
Von Wafer,-1.20566775919705,-1.13398678224046,-0.07168097695659012,2009-2010-2011-2012-2013
Brent Barry,-0.1711655314938,-0.0942374527251,-0.0769280787687,2009-2010-2011-2012-2013
Eddie House,0.29359628774246,0.37690184285427,-0.08330555511181001,2009-2010-2011-2012-2013
Gani Lawal,-0.06363178679854,0.02206669254188,-0.08569847934041999,2009-2010-2011-2012-2013
Marcus Haislip,-0.29549700570674003,-0.20561691750431,-0.08988008820243003,2009-2010-2011-2012-2013
Bradley Beal,-0.85845999279678,-0.76592965196095,-0.09253034083583,2009-2010-2011-2012-2013
Jamario Moon,-0.4914137921394,-0.39274950833926,-0.09866428380014003,2009-2010-2011-2012-2013
Darius Songaila,0.19643618748803998,0.29515230203711,-0.09871611454907,2009-2010-2011-2012-2013
Daequan Cook,-0.10830763129397,-0.00873783632009145,-0.09956979497387855,2009-2010-2011-2012-2013
Jerome Jordan,0.06791205903634,0.170763634807,-0.10285157577066,2009-2010-2011-2012-2013
Wally Szczerbiak,0.72665146842306,0.83011431289344,-0.10346284447038,2009-2010-2011-2012-2013
Cedric Jackson,-0.24152620239811,-0.1364205976435,-0.10510560475461002,2009-2010-2011-2012-2013
Linton Johnson,-0.1218956880443,-0.01208028781908,-0.10981540022522,2009-2010-2011-2012-2013
Antonio Anderson,-0.09731971902483,0.01610950751404,-0.11342922653887,2009-2010-2011-2012-2013
Brad Miller,0.8557904650803401,0.97101805121712,-0.11522758613677994,2009-2010-2011-2012-2013
Kris Joseph,-0.008098778310958593,0.10914398194822,-0.1172427602591786,2009-2010-2011-2012-2013
Josh Akognon,-0.0497524669919,0.07504612855821,-0.12479859555011,2009-2010-2011-2012-2013
Bernard James,0.002638890235061015,0.13117159042169,-0.128532700186629,2009-2010-2011-2012-2013
Jonas Jerebko,-0.0349092268136,0.09774950184634,-0.13265872865994,2009-2010-2011-2012-2013
Michael Ruffin,-0.006729518604811326,0.12641863642377,-0.13314815502858132,2009-2010-2011-2012-2013
Xavier Silas,-0.19982840024241,-0.06521825872301999,-0.13461014151939,2009-2010-2011-2012-2013
Andre Brown,-0.11396873292924,0.024567682755,-0.13853641568423997,2009-2010-2011-2012-2013
Reggie Jackson,-1.1811537382994401,-1.04163549228284,-0.13951824601660007,2009-2010-2011-2012-2013
Kirk Hinrich,-0.77635384796145,-0.631210061526,-0.14514378643545,2009-2010-2011-2012-2013
James Posey,-0.33820638215636,-0.19167116184385,-0.14653522031250998,2009-2010-2011-2012-2013
Primoz Brezec,-0.32608968036865,-0.17184416333461,-0.15424551703404,2009-2010-2011-2012-2013
Oliver Lafayette,-0.08414653688362,0.07252100248802999,-0.15666753937164998,2009-2010-2011-2012-2013
John Wall,0.40531691995772,0.56300276112261,-0.15768584116489004,2009-2010-2011-2012-2013
Fab Melo,-0.13243368597573,0.027686855008110002,-0.16012054098384002,2009-2010-2011-2012-2013
Cuttino Mobley,-0.003879597755482027,0.16153949850336,-0.16541909625884202,2009-2010-2011-2012-2013
Daniel Gibson,-0.057341228859710006,0.11068644991052,-0.16802767877023,2009-2010-2011-2012-2013
Jeff Adrien,-0.27037221164836,-0.09814417076087999,-0.17222804088748003,2009-2010-2011-2012-2013
Jared Cunningham,-0.05305064038582,0.11930982228235999,-0.17236046266817998,2009-2010-2011-2012-2013
Jerry Smith,-0.30024642501033,-0.12416326568189,-0.17608315932844,2009-2010-2011-2012-2013
Tyreke Evans,-0.20702429537756,-0.03040567012813,-0.17661862524943,2009-2010-2011-2012-2013
Dontell Jefferson,-0.28931713072062,-0.10775210814965999,-0.18156502257096002,2009-2010-2011-2012-2013
Andray Blatche,-0.05127137018587,0.13259914173035,-0.18387051191622,2009-2010-2011-2012-2013
Blake Ahearn,-0.30103809801131,-0.11615128114032999,-0.18488681687098002,2009-2010-2011-2012-2013
James Singleton,-0.8849364524585099,-0.69900720185181,-0.18592925060669993,2009-2010-2011-2012-2013
Luther Head,0.32571772274251,0.51382965973879,-0.18811193699628,2009-2010-2011-2012-2013
Patrick Ewing,-0.004069073326977681,0.18424602227305,-0.18831509560002768,2009-2010-2011-2012-2013
Roger Mason Jr.,1.0157462454766901,1.20591453746707,-0.1901682919903799,2009-2010-2011-2012-2013
DeMarcus Cousins,0.7191967807787499,0.9134056761059001,-0.19420889532715005,2009-2010-2011-2012-2013
Darius Miller,-0.68210823275288,-0.47843697891376996,-0.20367125383911003,2009-2010-2011-2012-2013
Anthony Davis,0.68438056643874,0.8920528650970501,-0.20767229865831005,2009-2010-2011-2012-2013
Mickael Gelabale,0.02256582514155,0.23126848000799,-0.20870265486644,2009-2010-2011-2012-2013
Mehmet Okur,0.93557269855959,1.1491919674265798,-0.21361926886698993,2009-2010-2011-2012-2013
Walter Sharpe,-0.19774674048403,0.020485694235580002,-0.21823243471960999,2009-2010-2011-2012-2013
Darius Johnson-Odom,-0.21481731526668,0.011059992705240001,-0.22587730797192,2009-2010-2011-2012-2013
Kent Bazemore,-1.0799698702890599,-0.8539112263145301,-0.22605864397452993,2009-2010-2011-2012-2013
Enes Freedom,-1.42780163429883,-1.19983605932185,-0.22796557497698003,2009-2010-2011-2012-2013
Andy Rautins,-0.29094282668432,-0.060069936976379995,-0.23087288970793998,2009-2010-2011-2012-2013
Sundiata Gaines,-0.24988361007056997,-0.01717571239042,-0.23270789768014996,2009-2010-2011-2012-2013
Tyronn Lue,-0.71448290751518,-0.47869438286823,-0.23578852464695,2009-2010-2011-2012-2013
Tim Ohlbrecht,-0.20128434019972002,0.04288806852932,-0.24417240872904,2009-2010-2011-2012-2013
Robin Lopez,-0.04698714462437,0.19816444360822003,-0.24515158823259003,2009-2010-2011-2012-2013
Jeffery Taylor,-0.70160016771042,-0.45456254542311997,-0.24703762228730003,2009-2010-2011-2012-2013
Lou Williams,1.41385203921368,1.6644309397956198,-0.2505789005819398,2009-2010-2011-2012-2013
Donte Greene,-1.19751694077603,-0.94639514513201,-0.2511217956440201,2009-2010-2011-2012-2013
Quincy Douby,0.020195981911760003,0.27142720985101,-0.25123122793925,2009-2010-2011-2012-2013
Joel Anthony,-1.75080382624324,-1.49577933734557,-0.25502448889767,2009-2010-2011-2012-2013
Larry Owens,-0.7180925326884701,-0.46053232132719996,-0.25756021136127005,2009-2010-2011-2012-2013
Nicolas Batum,1.58839277422946,1.84724251239703,-0.25884973816757,2009-2010-2011-2012-2013
Miles Plumlee,-0.24978427910279,0.01244662258359,-0.26223090168638,2009-2010-2011-2012-2013
Nick Young,-0.41529838604812996,-0.13883769201575,-0.27646069403238,2009-2010-2011-2012-2013
Al Jefferson,1.54359176188575,1.82284004002774,-0.27924827814199,2009-2010-2011-2012-2013
Joe Smith,-0.45756324493031003,-0.17103876807222002,-0.28652447685809007,2009-2010-2011-2012-2013
Hassan Adams,-0.16853972582221002,0.11815405250987,-0.28669377833208,2009-2010-2011-2012-2013
Viacheslav Kravtsov,-0.12057933812968001,0.16800127108174,-0.28858060921142004,2009-2010-2011-2012-2013
Sherron Collins,0.06413641933673,0.35305961199364,-0.28892319265691,2009-2010-2011-2012-2013
Derrick Byars,-0.15584543482247,0.13603206632419,-0.29187750114666,2009-2010-2011-2012-2013
Rodrigue Beaubois,-0.6189674683725199,-0.31627921199097,-0.30268825638155,2009-2010-2011-2012-2013
Omri Casspi,-0.77947040197722,-0.47587251523553004,-0.30359788674168997,2009-2010-2011-2012-2013
Solomon Alabi,-0.47489150732237995,-0.16651580322281,-0.30837570409956994,2009-2010-2011-2012-2013
Mike James,-0.45483436702152,-0.14472723246374,-0.31010713455778005,2009-2010-2011-2012-2013
Monta Ellis,1.0884817229687,1.40126311873943,-0.31278139577073005,2009-2010-2011-2012-2013
Maurice Ager,-0.41177937412977,-0.09357674217767001,-0.3182026319521,2009-2010-2011-2012-2013
Ronnie Price,-1.85549488589217,-1.53053868392,-0.3249562019721699,2009-2010-2011-2012-2013
Richard Jefferson,-0.03263073875914,0.30143557338333,-0.33406631214247,2009-2010-2011-2012-2013
Nathan Jawai,-0.62992965191868,-0.2951010620185,-0.33482858990017994,2009-2010-2011-2012-2013
Cole Aldrich,-0.32375439021369,0.013048606954389998,-0.33680299716808004,2009-2010-2011-2012-2013
Zaza Pachulia,-0.82764740094073,-0.49075979897461,-0.33688760196612005,2009-2010-2011-2012-2013
Jarrett Jack,0.70850947437012,1.05062504968874,-0.34211557531861997,2009-2010-2011-2012-2013
Marcus Thornton,0.5140892699262,0.8570181234995801,-0.34292885357338,2009-2010-2011-2012-2013
Perry Jones III,-0.20489447370847003,0.13910946113618,-0.34400393484465003,2009-2010-2011-2012-2013
Paul Davis,-0.72086571086352,-0.37601222157562003,-0.3448534892879,2009-2010-2011-2012-2013
Andrew Nicholson,-1.05287152455361,-0.7064435620835999,-0.34642796247000995,2009-2010-2011-2012-2013
Matt Harpring,-0.8437661318287701,-0.49267432951630996,-0.3510918023124601,2009-2010-2011-2012-2013
Gerald Henderson,-0.32591868602023,0.0256923953271,-0.35161108134733,2009-2010-2011-2012-2013
Dennis Horner,0.01554821388583,0.36886101637592,-0.35331280249009,2009-2010-2011-2012-2013
Jermareo Davidson,-0.74079959972303,-0.38656366112553,-0.35423593859749997,2009-2010-2011-2012-2013
Ryan Bowen,-0.15526639440553,0.20143262059238,-0.35669901499791,2009-2010-2011-2012-2013
Marvin Williams,-0.90480938360288,-0.5470529342686701,-0.35775644933420997,2009-2010-2011-2012-2013
Armon Johnson,-1.34736726974122,-0.9865295520452899,-0.3608377176959301,2009-2010-2011-2012-2013
Mike Harris,-0.40087579443577,-0.028258561187359997,-0.37261723324840995,2009-2010-2011-2012-2013
Maceo Baston,-0.43868359294278,-0.06357113342949,-0.37511245951329,2009-2010-2011-2012-2013
Marcus Cousin,-0.20381967757242,0.1759623620576,-0.37978203963002,2009-2010-2011-2012-2013
Marquis Teague,-0.81905069772482,-0.43794254349955997,-0.38110815422525995,2009-2010-2011-2012-2013
Steven Hunter,-0.7632726738822401,-0.38108560460337,-0.38218706927887003,2009-2010-2011-2012-2013
Kurt Thomas,-2.19451983317264,-1.8104729040253902,-0.3840469291472498,2009-2010-2011-2012-2013
Jeff Ayres,1.09988289748687,1.48404577167221,-0.38416287418533995,2009-2010-2011-2012-2013
Jeremy Evans,-0.054880297774809995,0.33231060397322,-0.38719090174803,2009-2010-2011-2012-2013
Adonal Foyle,-0.31082875585642,0.07864076088008,-0.3894695167365,2009-2010-2011-2012-2013
John Henson,-0.36568185574504003,0.02683696602646,-0.3925188217715,2009-2010-2011-2012-2013
Tony Battie,-2.2589016118322003,-1.86634976394561,-0.39255184788659014,2009-2010-2011-2012-2013
Tyler Honeycutt,-0.09574275161043,0.29998130144567003,-0.39572405305610003,2009-2010-2011-2012-2013
Malik Rose,-0.6530663516764701,-0.25223199719253003,-0.40083435448394,2009-2010-2011-2012-2013
Erick Dampier,-0.70315098929043,-0.30183384222757,-0.40131714706286,2009-2010-2011-2012-2013
Richard Hamilton,-0.11594036545488,0.29697436644869,-0.41291473190357003,2009-2010-2011-2012-2013
Evan Turner,-1.35589692039487,-0.93423471301114,-0.42166220738373006,2009-2010-2011-2012-2013
Stromile Swift,-0.58746191320266,-0.16148831753009998,-0.42597359567256005,2009-2010-2011-2012-2013
Patrick O'Bryant,-0.62696370247618,-0.19529658712224002,-0.43166711535394003,2009-2010-2011-2012-2013
Travis Leslie,-0.32370500738955,0.10859340156633,-0.43229840895588,2009-2010-2011-2012-2013
Nenad Krstic,-0.25857463001111,0.17386148668186,-0.43243611669297,2009-2010-2011-2012-2013
Joe Alexander,0.43237914129793,0.86782240427355,-0.43544326297561997,2009-2010-2011-2012-2013
Lance Thomas,-1.00065022538598,-0.56317939316668,-0.43747083221930005,2009-2010-2011-2012-2013
Cedric Simmons,-0.06162528401687,0.39425226905701,-0.45587755307387995,2009-2010-2011-2012-2013
Scott Machado,-0.58152832410461,-0.12196585347953,-0.45956247062507993,2009-2010-2011-2012-2013
Michael Redd,0.71607135606481,1.1766867594847499,-0.46061540341993995,2009-2010-2011-2012-2013
Kareem Rush,0.12004253278486,0.58432527930959,-0.46428274652472995,2009-2010-2011-2012-2013
Gabe Pruitt,-0.97724280317099,-0.51255721483269,-0.4646855883383,2009-2010-2011-2012-2013
Edwin Ubiles,-0.32302736125732,0.1560327975151,-0.47906015877242003,2009-2010-2011-2012-2013
D.J. Kennedy,-0.27947338941182,0.20268966534601002,-0.48216305475783,2009-2010-2011-2012-2013
Derrick Favors,-1.75830781616619,-1.2730164422564199,-0.4852913739097702,2009-2010-2011-2012-2013
Malik Hairston,-0.05464966410996,0.43545429250837,-0.49010395661833,2009-2010-2011-2012-2013
Rudy Gay,0.35310385914838,0.84734667823374,-0.49424281908536005,2009-2010-2011-2012-2013
Brian Scalabrine,0.46498705437316,0.9682325902204401,-0.50324553584728,2009-2010-2011-2012-2013
Calvin Booth,-0.13945829576413,0.36424388108491,-0.50370217684904,2009-2010-2011-2012-2013
Chris Johnson,0.38952622231605005,0.90716881793616,-0.51764259562011,2009-2010-2011-2012-2013
Festus Ezeli,-1.1069166045622298,-0.58527859321727,-0.5216380113449599,2009-2010-2011-2012-2013
Coby Karl,-0.41438986993411,0.10889260481814,-0.52328247475225,2009-2010-2011-2012-2013
Jan Vesely,-0.29668340138192,0.22885932553805,-0.52554272691997,2009-2010-2011-2012-2013
Brandon Knight,-2.3313771887470502,-1.7968819457525103,-0.5344952429945399,2009-2010-2011-2012-2013
Renaldo Balkman,-0.7163829877437801,-0.17960452226625,-0.53677846547753,2009-2010-2011-2012-2013
Eddie Gill,-0.21919899045498,0.32054046471184,-0.5397394551668201,2009-2010-2011-2012-2013
Udonis Haslem,-1.24064924963208,-0.69424987119972,-0.5463993784323601,2009-2010-2011-2012-2013
Mirza Teletovic,-0.60586922304522,-0.05937229586251,-0.54649692718271,2009-2010-2011-2012-2013
Brook Lopez,0.69144155071781,1.24930092984984,-0.5578593791320301,2009-2010-2011-2012-2013
Travis Diener,0.39432148599315,0.95348101274588,-0.5591595267527301,2009-2010-2011-2012-2013
Jarvis Varnado,-0.42218117632471,0.13828201068002,-0.5604631870047301,2009-2010-2011-2012-2013
Mario West,-0.52568879289543,0.03744788265995,-0.5631366755553799,2009-2010-2011-2012-2013
Will Solomon,-0.40872926251968,0.15687005369933998,-0.56559931621902,2009-2010-2011-2012-2013
Travis Outlaw,0.47865677181903,1.04809404198201,-0.56943727016298,2009-2010-2011-2012-2013
Mike Scott,-0.25646206907692004,0.31749689916127,-0.57395896823819,2009-2010-2011-2012-2013
Devin Brown,-1.4106444920715702,-0.83492501695687,-0.5757194751147001,2009-2010-2011-2012-2013
Shavlik Randolph,0.19479639421919,0.7730638698170801,-0.57826747559789,2009-2010-2011-2012-2013
Greg Buckner,-0.31360511183689,0.26687754034963,-0.5804826521865201,2009-2010-2011-2012-2013
Greg Monroe,0.29853326362628996,0.8832021613133401,-0.58466889768705,2009-2010-2011-2012-2013
Morris Almond,-1.1874539029927,-0.5997926532484,-0.5876612497443,2009-2010-2011-2012-2013
Arron Afflalo,0.21945134128648,0.81597908157678,-0.5965277402903001,2009-2010-2011-2012-2013
Aaron Gray,-0.76108686448573,-0.1533933217441,-0.60769354274163,2009-2010-2011-2012-2013
Eric Dawson,-0.11607858420875002,0.49179873198634,-0.60787731619509,2009-2010-2011-2012-2013
Linas Kleiza,-0.6941661781891,-0.08060934148184,-0.61355683670726,2009-2010-2011-2012-2013
Brevin Knight,-2.2383514202795,-1.62318507443702,-0.61516634584248,2009-2010-2011-2012-2013
James Jones,-0.71182012162907,-0.09487611574288,-0.6169440058861899,2009-2010-2011-2012-2013
Andres Nocioni,1.16665837871088,1.79169106706125,-0.6250326883503701,2009-2010-2011-2012-2013
Jason Maxiell,0.02797439349658,0.6583010314885,-0.63032663799192,2009-2010-2011-2012-2013
Ramon Sessions,0.82373832931723,1.45535778429542,-0.6316194549781899,2009-2010-2011-2012-2013
DeAndre Jordan,0.33205099723228,0.96797387234808,-0.6359228751158,2009-2010-2011-2012-2013
Acie Law,-0.13414060901459,0.50224571660951,-0.6363863256241,2009-2010-2011-2012-2013
Sergio Rodriguez,0.18438123295619,0.8256385290677,-0.64125729611151,2009-2010-2011-2012-2013
Chris Quinn,0.33591152981962996,0.98405311833411,-0.64814158851448,2009-2010-2011-2012-2013
Elliot Williams,-0.43350645425597994,0.2172047489889,-0.65071120324488,2009-2010-2011-2012-2013
Austin Croshere,-0.64331273068461,0.008804118966717223,-0.6521168496513272,2009-2010-2011-2012-2013
Justin Harper,-0.55501562931454,0.10006710764443,-0.6550827369589699,2009-2010-2011-2012-2013
Dante Cunningham,-1.2963219790774199,-0.63623097718482,-0.6600910018926,2009-2010-2011-2012-2013
Samardo Samuels,-1.8291932437221599,-1.1690899677264501,-0.6601032759957098,2009-2010-2011-2012-2013
Darko Milicic,-1.56261358770601,-0.89858024000814,-0.6640333476978701,2009-2010-2011-2012-2013
Carl Landry,0.49812408637839994,1.16511618232798,-0.6669920959495801,2009-2010-2011-2012-2013
Brandon Bass,-0.89082960504845,-0.21470167979082,-0.67612792525763,2009-2010-2011-2012-2013
Lou Amundson,-0.91954013873649,-0.23832185371088,-0.68121828502561,2009-2010-2011-2012-2013
Victor Claver,-0.23589809013235,0.44783794630857005,-0.68373603644092,2009-2010-2011-2012-2013
Robert Sacre,-0.61471455030371,0.07212510128703,-0.6868396515907401,2009-2010-2011-2012-2013
Darryl Watkins,-0.40793204910026,0.28059833575180004,-0.68853038485206,2009-2010-2011-2012-2013
Marcin Gortat,-1.6612816339918302,-0.9661763240231399,-0.6951053099686901,2009-2010-2011-2012-2013
Justin Dentmon,-1.00986153853513,-0.31130487543735996,-0.69855666309777,2009-2010-2011-2012-2013
Josh Davis,-0.48902310654937997,0.21053902696952,-0.6995621335189001,2009-2010-2011-2012-2013
Lindsey Hunter,-0.18856739980484,0.52058598732849,-0.70915338713333,2009-2010-2011-2012-2013
Trey Johnson,-0.76970643083608,-0.050767510233440005,-0.71893892060264,2009-2010-2011-2012-2013
Bobby Jackson,0.57303574347027,1.29329954871709,-0.72026380524682,2009-2010-2011-2012-2013
Mike Wilks,-0.44027670283351,0.28223211815994,-0.7225088209934499,2009-2010-2011-2012-2013
Arnett Moultrie,0.37462138629143,1.09787962579465,-0.72325823950322,2009-2010-2011-2012-2013
Zabian Dowdell,-0.47930229851621003,0.25104554992088,-0.7303478484370901,2009-2010-2011-2012-2013
Juan Dixon,-0.34519132155911997,0.3865053718543,-0.73169669341342,2009-2010-2011-2012-2013
Pops Mensah-Bonsu,-0.86100826907597,-0.12345634094266,-0.7375519281333099,2009-2010-2011-2012-2013
Rashad McCants,-0.94265972863015,-0.19949022442074002,-0.74316950420941,2009-2010-2011-2012-2013
Alando Tucker,0.5174170313668001,1.26143986245734,-0.74402283109054,2009-2010-2011-2012-2013
Earl Barron,0.09752772766234,0.8460407687036301,-0.7485130410412901,2009-2010-2011-2012-2013
Hamady Ndiaye,-0.4389963731169,0.31522083118375,-0.7542172043006499,2009-2010-2011-2012-2013
DeMar DeRozan,-0.05645582289265,0.69948697462052,-0.75594279751317,2009-2010-2011-2012-2013
Gerald Green,-1.9676798334738,-1.21137197283337,-0.7563078606404299,2009-2010-2011-2012-2013
Reggie Evans,-0.64290959751053,0.11361885324971,-0.75652845076024,2009-2010-2011-2012-2013
Dexter Pittman,-1.01712914220705,-0.25576042800387,-0.7613687142031801,2009-2010-2011-2012-2013
Jacque Vaughn,-1.0840019147623998,-0.30491163348315,-0.7790902812792498,2009-2010-2011-2012-2013
Kyle Weaver,-0.82436446827488,-0.025618312897760002,-0.79874615537712,2009-2010-2011-2012-2013
Manny Harris,-0.7901164028819,0.009449973782928986,-0.799566376664829,2009-2010-2011-2012-2013
Stephen Graham,-1.2687639411385299,-0.46190920325528,-0.8068547378832499,2009-2010-2011-2012-2013
Allen Iverson,-1.52804214450612,-0.71792686131581,-0.81011528319031,2009-2010-2011-2012-2013
Maalik Wayns,-0.09740121851205999,0.7260385548892,-0.82343977340126,2009-2010-2011-2012-2013
Nazr Mohammed,-0.09047966662387,0.73564883430514,-0.82612850092901,2009-2010-2011-2012-2013
Josh McRoberts,-0.0030547808591656483,0.8297450439774199,-0.8327998248365855,2009-2010-2011-2012-2013
Terrence Jones,-0.17719219409304002,0.66854304069653,-0.8457352347895699,2009-2010-2011-2012-2013
Trevor Booker,0.7463059955262,1.5992411910059199,-0.8529351954797201,2009-2010-2011-2012-2013
Antawn Jamison,2.37712740213494,3.2333292492909997,-0.8562018471560597,2009-2010-2011-2012-2013
Glen Davis,-1.17630335930859,-0.31908652117959,-0.8572168381290001,2009-2010-2011-2012-2013
Tyler Zeller,-0.41115091985153995,0.46850992120188,-0.8796608410534199,2009-2010-2011-2012-2013
Fabricio Oberto,-1.10178409181791,-0.2220128944091,-0.8797711974088099,2009-2010-2011-2012-2013
Robert Swift,-0.31979672722293,0.56017611088259,-0.8799728381055201,2009-2010-2011-2012-2013
Jarron Collins,-1.7524620829639501,-0.8690952505588,-0.88336683240515,2009-2010-2011-2012-2013
Diante Garrett,-0.8919835184730299,0.001967700942098428,-0.8939512194151283,2009-2010-2011-2012-2013
Luke Zeller,-0.60915248372151,0.28831202920835003,-0.89746451292986,2009-2010-2011-2012-2013
JaJuan Johnson,-1.22048290167411,-0.32085176683452,-0.89963113483959,2009-2010-2011-2012-2013
Ben Hansbrough,-1.06195268318476,-0.15973539544557,-0.9022172877391901,2009-2010-2011-2012-2013
DeMarcus Nelson,-0.8286855045022501,0.08523825356058,-0.91392375806283,2009-2010-2011-2012-2013
Jerry Stackhouse,-1.3585971201601699,-0.43385921512836995,-0.9247379050318,2009-2010-2011-2012-2013
Mickell Gladness,-0.7104578304006299,0.21606843056711,-0.9265262609677398,2009-2010-2011-2012-2013
Marco Belinelli,0.31121802845142,1.23828797682267,-0.9270699483712501,2009-2010-2011-2012-2013
Francisco Elson,-0.5744977658189699,0.35633901788989997,-0.93083678370887,2009-2010-2011-2012-2013
Jason Kapono,0.31112728002282003,1.24208001104697,-0.9309527310241501,2009-2010-2011-2012-2013
Christian Eyenga,-0.45508977587265,0.47911585408635,-0.934205629959,2009-2010-2011-2012-2013
Courtney Fortson,-0.9067251274014599,0.02993902488349,-0.93666415228495,2009-2010-2011-2012-2013
Cory Higgins,-1.0608724268793401,-0.12124675885652,-0.9396256680228201,2009-2010-2011-2012-2013
Chris Douglas-Roberts,-1.29802100308887,-0.34702738699346,-0.9509936160954101,2009-2010-2011-2012-2013
Jannero Pargo,-0.56281492346892,0.38855663211639,-0.9513715555853101,2009-2010-2011-2012-2013
Stephon Marbury,-0.72348323586814,0.23722591760246997,-0.96070915347061,2009-2010-2011-2012-2013
Charlie Villanueva,1.56366809751371,2.5268148294226,-0.9631467319088899,2009-2010-2011-2012-2013
Sean May,-0.65939947680886,0.30509013839599,-0.9644896152048501,2009-2010-2011-2012-2013
Sean Singletary,-1.23441672872899,-0.26739152375019,-0.9670252049788001,2009-2010-2011-2012-2013
Alan Anderson,-0.18811692227717,0.78351027324303,-0.9716271955202002,2009-2010-2011-2012-2013
Ryan Gomes,-0.22577679051164,0.75081344956157,-0.97659024007321,2009-2010-2011-2012-2013
Melvin Ely,-0.55641589473442,0.42037680691528995,-0.97679270164971,2009-2010-2011-2012-2013
Jeremy Richardson,-0.55904686363856,0.41871106606372005,-0.97775792970228,2009-2010-2011-2012-2013
Ben Gordon,1.5115884653446199,2.49138889140551,-0.9798004260608901,2009-2010-2011-2012-2013
Kim English,-0.27358812725167997,0.7073082809614,-0.9808964082130799,2009-2010-2011-2012-2013
Luke Harangody,-0.27287456987249,0.71097409536227,-0.98384866523476,2009-2010-2011-2012-2013
Jonas Valanciunas,-0.64237288916473,0.3443280135926,-0.9867009027573301,2009-2010-2011-2012-2013
Chris Mihm,-0.57073336233967,0.43848805157596,-1.00922141391563,2009-2010-2011-2012-2013
Jordan Farmar,-0.70784814588138,0.30697232195879,-1.01482046784017,2009-2010-2011-2012-2013
Morris Peterson,-0.02925517398792,1.00770350915594,-1.03695868314386,2009-2010-2011-2012-2013
Luke Babbitt,-0.57667020444905,0.46838253415377995,-1.04505273860283,2009-2010-2011-2012-2013
Desmond Mason,-1.15469191750434,-0.10314884922244,-1.0515430682818998,2009-2010-2011-2012-2013
Sun Sun,-0.24918001872478,0.80264424513592,-1.0518242638607,2009-2010-2011-2012-2013
Samuel Dalembert,-0.72303673721224,0.33458379855363,-1.05762053576587,2009-2010-2011-2012-2013
Jeremy Lamb,-0.32758828307842003,0.73915972029067,-1.0667480033690901,2009-2010-2011-2012-2013
Gary Forbes,-0.29000220945008,0.78224683162611,-1.07224904107619,2009-2010-2011-2012-2013
Derrick Brown,-1.00146459739778,0.07387669302859,-1.0753412904263702,2009-2010-2011-2012-2013
Austin Daye,-0.5075823191030601,0.5837493021777299,-1.09133162128079,2009-2010-2011-2012-2013
Earl Watson,-0.42522360297657996,0.67461116387357,-1.09983476685015,2009-2010-2011-2012-2013
Terrence Ross,0.12094371853463,1.22610535876648,-1.10516164023185,2009-2010-2011-2012-2013
Theo Ratliff,0.11257125033339001,1.22113739955197,-1.10856614921858,2009-2010-2011-2012-2013
Kevin Murphy,-0.39549315624702996,0.7156049147177,-1.1110980709647298,2009-2010-2011-2012-2013
Steve Novak,0.2536784145175,1.36621250288935,-1.11253408837185,2009-2010-2011-2012-2013
Jon Leuer,-0.74567599731153,0.37116098634769,-1.11683698365922,2009-2010-2011-2012-2013
Gary Neal,1.1376493079944099,2.2645747583396303,-1.1269254503452202,2009-2010-2011-2012-2013
Kwame Brown,-1.10183252852539,0.02891958153479,-1.1307521100601798,2009-2010-2011-2012-2013
Tony Wroten,-0.9424371300837101,0.19309097836385,-1.13552810844756,2009-2010-2011-2012-2013
Tyshawn Taylor,-0.39607324944238004,0.74174052190974,-1.1378137713521201,2009-2010-2011-2012-2013
Walker Russell,-1.03932951252896,0.10300861748441001,-1.1423381300133701,2009-2010-2011-2012-2013
Jeremy Tyler,-0.44589340305386,0.70478227377449,-1.15067567682835,2009-2010-2011-2012-2013
Kris Humphries,-0.18779105960689998,0.96686254514769,-1.15465360475459,2009-2010-2011-2012-2013
DaJuan Summers,-1.28571668090683,-0.13043702698089,-1.15527965392594,2009-2010-2011-2012-2013
Michael Beasley,-0.07914331169204,1.09185801147846,-1.1710013231704999,2009-2010-2011-2012-2013
Francisco Garcia,-1.0486760743131,0.13145845152402,-1.18013452583712,2009-2010-2011-2012-2013
Mike Taylor,-0.73379870894669,0.45035665595674995,-1.18415536490344,2009-2010-2011-2012-2013
Chris Duhon,-0.32686738034122004,0.85753642884291,-1.18440380918413,2009-2010-2011-2012-2013
Jason Collins,-3.2278490811723204,-2.04039245471732,-1.1874566264550004,2009-2010-2011-2012-2013
Sasha Vujacic,-0.057277340445000005,1.1372195628122699,-1.1944969032572699,2009-2010-2011-2012-2013
Fred Jones,-0.11189745852787,1.10728539801739,-1.21918285654526,2009-2010-2011-2012-2013
Josh Boone,-0.94101610402269,0.27826812628905,-1.21928423031174,2009-2010-2011-2012-2013
Cory Joseph,-0.40000606210729,0.8367989657310201,-1.23680502783831,2009-2010-2011-2012-2013
Carlos Arroyo,-1.7373593255728002,-0.49544695743571,-1.24191236813709,2009-2010-2011-2012-2013
Tarence Kinsey,-0.53821483801951,0.7075867693262899,-1.2458016073457998,2009-2010-2011-2012-2013
DJ White,-0.88824565709063,0.35892085938713003,-1.2471665164777601,2009-2010-2011-2012-2013
Ish Smith,-1.8497166137166399,-0.5781332112602501,-1.27158340245639,2009-2010-2011-2012-2013
Derrick Caracter,-0.22805298307602,1.04374643262205,-1.27179941569807,2009-2010-2011-2012-2013
Nikola Vucevic,-0.99299168422563,0.27884271385674997,-1.27183439808238,2009-2010-2011-2012-2013
Yakhouba Diawara,-0.90270482658568,0.37650509364470996,-1.27920992023039,2009-2010-2011-2012-2013
Josh Selby,-1.28924719026164,-0.004466629634302408,-1.2847805606273377,2009-2010-2011-2012-2013
J.R. Giddens,-0.619626048441,0.67068390888713,-1.29030995732813,2009-2010-2011-2012-2013
Anthony Roberson,-0.84028254100619,0.45393776857541995,-1.29422030958161,2009-2010-2011-2012-2013
Trey Thompkins,-0.57241772736055,0.73112222916198,-1.30353995652253,2009-2010-2011-2012-2013
Patty Mills,0.032921629062850004,1.34093907643583,-1.30801744737298,2009-2010-2011-2012-2013
Kevin Ollie,-0.7825430651938401,0.56401873100621,-1.34656179620005,2009-2010-2011-2012-2013
Anthony Randolph,-0.57918984875674,0.77745076940262,-1.35664061815936,2009-2010-2011-2012-2013
Austin Rivers,-0.16774925187651,1.19007840459742,-1.35782765647393,2009-2010-2011-2012-2013
Terrel Harris,-1.4393462269083601,-0.06957191595032,-1.36977431095804,2009-2010-2011-2012-2013
Ryan Hollins,-2.3124159300102898,-0.9216427322772801,-1.3907731977330098,2009-2010-2011-2012-2013
Devean George,0.24519880272717,1.64368282142726,-1.39848401870009,2009-2010-2011-2012-2013
Derrick Williams,-1.44488458896346,-0.043719818833259996,-1.4011647701302001,2009-2010-2011-2012-2013
Joel Freeland,-1.76446185036936,-0.36211098509462003,-1.40235086527474,2009-2010-2011-2012-2013
Jerryd Bayless,0.30309233797386,1.73888543815486,-1.435793100181,2009-2010-2011-2012-2013
Chucky Atkins,-0.78939934894964,0.6498233889381899,-1.4392227378878302,2009-2010-2011-2012-2013
Marcus Williams,-0.17801663675605,1.26229256271911,-1.44030919947516,2009-2010-2011-2012-2013
Doron Lamb,-0.6578211006672701,0.7906918138261001,-1.44851291449337,2009-2010-2011-2012-2013
Will Conroy,-0.8483968359634201,0.60764005861306,-1.4560368945764801,2009-2010-2011-2012-2013
Brandon Rush,-0.88428196072516,0.58505105226458,-1.46933301298974,2009-2010-2011-2012-2013
Jonathan Bender,-0.92888405949732,0.54997838870199,-1.47886244819931,2009-2010-2011-2012-2013
DeJuan Blair,-0.7488024517329199,0.73554378449493,-1.4843462362278501,2009-2010-2011-2012-2013
Daniel Orton,-1.4189857336686,0.0748992477065,-1.4938849813751,2009-2010-2011-2012-2013
Nando De Colo,-1.91149486429803,-0.40734864528277004,-1.5041462190152601,2009-2010-2011-2012-2013
Joey Graham,-1.76884100520849,-0.26399312646543,-1.5048478787430601,2009-2010-2011-2012-2013
Craig Brackins,-0.69843225400266,0.8096705536803901,-1.50810280768305,2009-2010-2011-2012-2013
Ian Mahinmi,-3.2716819558745196,-1.7625737144045102,-1.5091082414700097,2009-2010-2011-2012-2013
E'Twaun Moore,-1.89305273403224,-0.38021435482938004,-1.5128383792028601,2009-2010-2011-2012-2013
Terrence Williams,-1.8371273102292598,-0.32341577851635,-1.51371153171291,2009-2010-2011-2012-2013
DeQuan Jones,0.10948160093357999,1.63577620671266,-1.52629460577908,2009-2010-2011-2012-2013
Shannon Brown,-1.19419406005718,0.33256924226409,-1.52676330232127,2009-2010-2011-2012-2013
Rob Kurz,-1.35584322123069,0.17929127993179,-1.5351345011624802,2009-2010-2011-2012-2013
Bruce Bowen,-2.16980810937088,-0.63419719206236,-1.53561091730852,2009-2010-2011-2012-2013
Rasho Nesterovic,0.33327963217364,1.8829305789246398,-1.5496509467509998,2009-2010-2011-2012-2013
Troy Murphy,0.20653567798880001,1.7596267214560701,-1.55309104346727,2009-2010-2011-2012-2013
Bismack Biyombo,-0.84363782821287,0.7220294587052001,-1.56566728691807,2009-2010-2011-2012-2013
Eduardo Najera,-1.7750474804455698,-0.20261840586049,-1.57242907458508,2009-2010-2011-2012-2013
Kemba Walker,-1.10243899502947,0.47600964448578,-1.5784486395152502,2009-2010-2011-2012-2013
Alonzo Gee,-0.73879678247646,0.8401577789206,-1.57895456139706,2009-2010-2011-2012-2013
Tristan Thompson,-0.21191987039941998,1.36762607004278,-1.5795459404422,2009-2010-2011-2012-2013
Jimmer Fredette,0.64290455261832,2.2301193710475697,-1.58721481842925,2009-2010-2011-2012-2013
Darius Miles,-1.33129336654115,0.27203041505151004,-1.60332378159266,2009-2010-2011-2012-2013
Andrew Goudelock,-1.09866287589125,0.5221692176705299,-1.62083209356178,2009-2010-2011-2012-2013
Javaris Crittenton,0.14077868088217,1.77065478000143,-1.6298760991192602,2009-2010-2011-2012-2013
John Jenkins,-0.7665443971649399,0.87198952356348,-1.63853392072842,2009-2010-2011-2012-2013
Thomas Robinson,-0.71155070674258,0.93497066554258,-1.6465213722851602,2009-2010-2011-2012-2013
Devin Ebanks,-1.3323342591091298,0.32594862753948,-1.65828288664861,2009-2010-2011-2012-2013
Markieff Morris,-0.7905536230665099,0.88797052545593,-1.6785241485224403,2009-2010-2011-2012-2013
Reggie Williams,0.731177312472,2.41164305779573,-1.6804657453237302,2009-2010-2011-2012-2013
Rodney Carney,-1.05299972340905,0.63472457154243,-1.6877242949514801,2009-2010-2011-2012-2013
Raja Bell,-0.55317235005535,1.13863079044162,-1.69180314049697,2009-2010-2011-2012-2013
Wesley Johnson,-0.9490697121794499,0.7459191419415401,-1.6949888541209899,2009-2010-2011-2012-2013
Nolan Smith,-1.695115649102,0.0057152403514526325,-1.7008308894534525,2009-2010-2011-2012-2013
Mike Bibby,0.33704592613915,2.03828745924843,-1.7012415331092798,2009-2010-2011-2012-2013
Aaron Brooks,1.30947851448566,3.01499480290029,-1.70551628841463,2009-2010-2011-2012-2013
Keyon Dooling,-1.12854769280982,0.5929642217599199,-1.72151191456974,2009-2010-2011-2012-2013
Randy Foye,-0.26068857796999,1.4618262092796,-1.7225147872495898,2009-2010-2011-2012-2013
Earl Boykins,-1.4496402111344902,0.28143927400458,-1.7310794851390703,2009-2010-2011-2012-2013
Adam Morrison,-0.49470350933736,1.24536329714141,-1.74006680647877,2009-2010-2011-2012-2013
Semih Erden,-1.40279147727712,0.34855890531319,-1.7513503825903098,2009-2010-2011-2012-2013
Shelden Williams,-1.1552113072837,0.59840568560692,-1.75361699289062,2009-2010-2011-2012-2013
Xavier Henry,-1.9883759866644701,-0.22169266020494,-1.76668332645953,2009-2010-2011-2012-2013
Josh Childress,-0.16540476992501,1.6056752879968599,-1.77108005792187,2009-2010-2011-2012-2013
Charles Jenkins,-2.42476161515911,-0.65193057256868,-1.7728310425904301,2009-2010-2011-2012-2013
Hasheem Thabeet,-1.46016040032248,0.32463366717859,-1.78479406750107,2009-2010-2011-2012-2013
O.J. Mayo,1.27057885284272,3.05547351979691,-1.7848946669541899,2009-2010-2011-2012-2013
Brian Roberts,-0.51577587053294,1.34695734335921,-1.86273321389215,2009-2010-2011-2012-2013
Jawad Williams,-0.6360500430505001,1.23643847393025,-1.8724885169807501,2009-2010-2011-2012-2013
DeShawn Stevenson,-1.37500729834131,0.50762469461392,-1.88263199295523,2009-2010-2011-2012-2013
Greg Stiemsma,-2.88003199491222,-0.9795721832389401,-1.9004598116732798,2009-2010-2011-2012-2013
Anthony Carter,-1.57834917055925,0.3224066955073,-1.9007558660665502,2009-2010-2011-2012-2013
Meyers Leonard,-0.7591788134598,1.14537779874652,-1.90455661220632,2009-2010-2011-2012-2013
JaVale McGee,0.01857373284377,1.92341621620449,-1.9048424833607203,2009-2010-2011-2012-2013
Will Bynum,0.20915588173361999,2.14149989947903,-1.93234401774541,2009-2010-2011-2012-2013
Ike Diogu,-0.46089198321237,1.47295154902101,-1.93384353223338,2009-2010-2011-2012-2013
DeAndre Liggins,-1.8371440388212499,0.09855041784072999,-1.93569445666198,2009-2010-2011-2012-2013
D.J. Augustin,0.03257527524316,1.9735051351255501,-1.9409298598823899,2009-2010-2011-2012-2013
Darius Morris,-1.8655201697171502,0.07555336547458,-1.9410735351917299,2009-2010-2011-2012-2013
James White,-0.51367484884662,1.44270039185961,-1.9563752407062298,2009-2010-2011-2012-2013
Brandon Jennings,-0.12278903123978001,1.8405071729079798,-1.96329620414776,2009-2010-2011-2012-2013
Sonny Weems,-0.010273753425490001,1.96845447571423,-1.9787282291397197,2009-2010-2011-2012-2013
Eddy Curry,-1.28919661656127,0.69323934911212,-1.9824359656733899,2009-2010-2011-2012-2013
Marcus Banks,-1.9219925941663303,0.0959440586551,-2.0179366528214304,2009-2010-2011-2012-2013
Damien Wilkins,-1.87918740299408,0.14504826400497,-2.02423566699905,2009-2010-2011-2012-2013
Sean Marks,-2.09295460809073,-0.027564380368810003,-2.06539022772192,2009-2010-2011-2012-2013
Dominique Jones,-2.23419533131566,-0.168755705173,-2.06543962614266,2009-2010-2011-2012-2013
Tyrus Thomas,-2.15458644037796,-0.08374745728562,-2.07083898309234,2009-2010-2011-2012-2013
Andrea Bargnani,1.9256618721824998,4.00240413294223,-2.07674226075973,2009-2010-2011-2012-2013
Larry Hughes,-1.2024641481744,0.87614175959175,-2.07860590776615,2009-2010-2011-2012-2013
Hilton Armstrong,-2.67345090405832,-0.59137757667962,-2.0820733273787,2009-2010-2011-2012-2013
Jordan Crawford,-1.2520989927155401,0.8314522238044899,-2.08355121652003,2009-2010-2011-2012-2013
Darren Collison,0.04565500375594,2.1378788062371803,-2.0922238024812403,2009-2010-2011-2012-2013
Kevin Seraphin,-2.66226546110448,-0.5407439601778901,-2.12152150092659,2009-2010-2011-2012-2013
Marcus Morris Sr.,-1.41288481537121,0.72056477010834,-2.13344958547955,2009-2010-2011-2012-2013
Willie Green,-0.71706793114674,1.43546243124195,-2.1525303623886898,2009-2010-2011-2012-2013
DeSagana Diop,-1.35632099150314,0.8166081459034901,-2.17292913740663,2009-2010-2011-2012-2013
Michael Finley,0.80038081950609,2.98416811360552,-2.1837872940994303,2009-2010-2011-2012-2013
Kendall Marshall,-0.95897770044277,1.28027195839395,-2.23924965883672,2009-2010-2011-2012-2013
Brian Cook,-1.7592732055516198,0.49324143952972,-2.25251464508134,2009-2010-2011-2012-2013
Mikki Moore,-1.64064721986737,0.61476916866926,-2.25541638853663,2009-2010-2011-2012-2013
Sasha Pavlovic,-2.39035029675175,-0.12812541999882998,-2.2622248767529203,2009-2010-2011-2012-2013
Corey Maggette,-0.17258774402598,2.12246757754047,-2.2950553215664504,2009-2010-2011-2012-2013
Jason Hart,-2.15340741837503,0.1579695284282,-2.31137694680323,2009-2010-2011-2012-2013
Yi Jianlian,-0.70518108503139,1.6063122232253,-2.31149330825669,2009-2010-2011-2012-2013
Maurice Evans,-1.193379773103,1.13875445592134,-2.33213422902434,2009-2010-2011-2012-2013
Spencer Hawes,-0.52752031323809,1.8075166053317702,-2.3350369185698603,2009-2010-2011-2012-2013
Andris Biedrins,-2.02563465579596,0.34097219740544,-2.3666068532014,2009-2010-2011-2012-2013
Etan Thomas,-1.30141679991763,1.06702421291251,-2.36844101283014,2009-2010-2011-2012-2013
Rasual Butler,-1.90836698732589,0.47181999939943003,-2.38018698672532,2009-2010-2011-2012-2013
Jeremy Pargo,-2.5283821633868198,-0.13083658282384,-2.39754558056298,2009-2010-2011-2012-2013
MarShon Brooks,-1.47595795016934,0.95517147218125,-2.43112942235059,2009-2010-2011-2012-2013
Darnell Jackson,-1.47040043265491,0.96794426167062,-2.43834469432553,2009-2010-2011-2012-2013
Dahntay Jones,-1.9208925760794,0.58441178121933,-2.50530435729873,2009-2010-2011-2012-2013
Dominic McGuire,-1.2787618398612701,1.31693230405015,-2.59569414391142,2009-2010-2011-2012-2013
Darrell Arthur,-2.56674750008957,0.04814115664566,-2.61488865673523,2009-2010-2011-2012-2013
Bobby Brown,-1.04300636473059,1.62450495688112,-2.66751132161171,2009-2010-2011-2012-2013
Malik Allen,-1.6420038187544201,1.0255435854147,-2.66754740416912,2009-2010-2011-2012-2013
Chris Wilcox,-1.2782426701402398,1.40976249863728,-2.68800516877752,2009-2010-2011-2012-2013
Ed Davis,-1.65996894188844,1.03151505100432,-2.6914839928927603,2009-2010-2011-2012-2013
Jermaine Taylor,-0.55881682353605,2.16302144171872,-2.72183826525477,2009-2010-2011-2012-2013
James Johnson,-2.96299159008167,-0.21901336066885002,-2.7439782294128197,2009-2010-2011-2012-2013
Tyler Hansbrough,-1.8988468928671998,0.86143011314718,-2.76027700601438,2009-2010-2011-2012-2013
Al Thornton,-0.77891621766991,2.04145029223088,-2.82036650990079,2009-2010-2011-2012-2013
Jordan Hill,-1.03194403825386,1.8028768664551098,-2.83482090470897,2009-2010-2011-2012-2013
Royal Ivey,-1.54457332493188,1.32503800740978,-2.8696113323416603,2009-2010-2011-2012-2013
Drew Gooden,-0.82179762370973,2.0978147681472,-2.9196123918569303,2009-2010-2011-2012-2013
Antonio Daniels,-1.0503702337432201,1.90587810451949,-2.9562483382627103,2009-2010-2011-2012-2013
Will Barton,-2.36615147329619,0.62790474428888,-2.99405621758507,2009-2010-2011-2012-2013
Ricky Davis,-1.57819555306369,1.587169592109,-3.16536514517269,2009-2010-2011-2012-2013
Timofey Mozgov,-1.7537917482233802,1.4472840475,-3.20107579572338,2009-2010-2011-2012-2013
Matt Carroll,-2.36250768868937,0.8448902275219,-3.2073979162112702,2009-2010-2011-2012-2013
Sam Young,-2.76505968146845,0.46372770242158995,-3.2287873838900403,2009-2010-2011-2012-2013
Juwan Howard,-1.30429738704184,1.9320866023155001,-3.23638398935734,2009-2010-2011-2012-2013
Marreese Speights,-1.00224157046441,2.31390699710238,-3.31614856756679,2009-2010-2011-2012-2013
Lazar Hayward,-1.5929374074356801,1.8170423852877,-3.4099797927233806,2009-2010-2011-2012-2013
Solomon Jones,-3.05523416436119,0.39180464174591995,-3.4470388061071096,2009-2010-2011-2012-2013
Brian Skinner,-2.4528742753907,1.00723887718892,-3.46011315257962,2009-2010-2011-2012-2013
Maurice Harkless,-2.15708352368897,1.59820824988975,-3.75529177357872,2009-2010-2011-2012-2013
Trenton Hassell,-3.04228239797035,0.82003180897098,-3.86231420694133,2009-2010-2011-2012-2013
Johan Petro,-3.1516442206166095,0.9071540966279599,-4.05879831724457,2009-2010-2011-2012-2013
Jonny Flynn,-0.5546622605720299,3.5670080809552003,-4.12167034152723,2009-2010-2011-2012-2013
Jeff Green,-2.11755008360208,2.00513399569714,-4.12268407929922,2009-2010-2011-2012-2013
Donald Sloan,-2.75623539072695,1.40751956508931,-4.16375495581626,2009-2010-2011-2012-2013
Norris Cole,-3.25832396906809,1.03303091921039,-4.29135488827848,2009-2010-2011-2012-2013
Hakim Warrick,-2.10892264063685,2.31985190668744,-4.42877454732429,2009-2010-2011-2012-2013
Josh Powell,-2.5833258289857297,1.93788297148789,-4.5212088004736195,2009-2010-2011-2012-2013
JJ Hickson,-1.7691879739733198,2.95555415213157,-4.72474212610489,2009-2010-2011-2012-2013
Byron Mullens,-1.32465355029646,3.76605957348064,-5.090713123777101,2009-2010-2011-2012-2013
Earl Clark,-4.32673902357612,1.24495945011935,-5.57169847369547,2009-2010-2011-2012-2013
